7
3.4525 0.02183 0 0 0.007703 -0.003887 0.02083
1 0 0 0 0 -0.03 0.27
0 0 1 0.03 -0 0
0.5 0 0

3.4821 0.02076 0 -0.003626 0.02179 0 0.00779
-7.3123e-14 -7.3123e-14 0.707107 0.707107 -0.0003 0.072 0.129
0 0 1 -0.059 0.0003 0
0.5 0 0

4.05623 0.03204 0 0 0.00972 0.006227 0.03042
-7.3123e-14 -7.3123e-14 0.707107 0.707107 -0.0003 0.281 -0.012
0 0 1 -0.03 -0 0
0.5 0 0

3.4822 0.02178 0 0 0.02075 -0.003625 0.007785
0.707107 0.707107 0 0 0 -0.064 0.127
0 0 1 -0.067 -0 0
0.5 0 0

2.1633 0.01287 0 0 0.005708 -0.003946 0.01112
-7.3123e-14 7.3123e-14 0.707107 0.707107 -0.0001 0.219 -0.013
0 0 1 -0.021 0.0001 0
0.5 0 0

2.3466 0.006509 0 0 0.006259 0.00031891 0.004527
0.707107 0.707107 0 0 -0.0001 0.0393 0.1146
0 0 1 -0.0006 -0 0
0.5 0 0

3.129 0.01464 0.0005912 0 0.01465 0 0.002872
-7.3123e-14 7.3123e-14 0.707107 0.707107 -2.02548e-26 0.1004 0.0603
0 0 1 0 -0 0
0.5 0 0

0 0 0 0 0 0 0
1 1.03412e-13 -1.03412e-13 1.03412e-13 0 0 0.025
1 1.03412e-13 -1.03412e-13 1.03412e-13 0 0 0.025

